Pass-1 Result:
                                                                                    
                                                              1                     
                                                            1 2 1                   
                                                          1 2 3 2 1                 
                                                        1 2 3 4 3 2 1               
                                                      1 2 3 4 5 4 3 2 1             
                                                    1 2 3 4 5 6 5 4 3 2 1           
                                                  1 2 3 4 5 6 7 6 5 4 3 2 1         
                                                1 2 3 4 5 6 7 8 7 6 5 4 3 2 1       
                                              1 2 3 4 5 6 7 8 9 8 7 6 5 4 3 2 1     
                                            1 2 3 4 5 6 7 8 9 10 9 8 7 6 5 4 3 2 1   
                                              1 2 3 4 5 6 7 8 9 10 9 8 7 6 5 4 3     
                                                1 2 3 4 5 6 7 8 9 10 9 8 7 6 5       
        1 1 1 1 1 1 1 1 1 1 1 1 1 1 1 1           1 2 3 4 5 6 7 8 9 10 9 8 7         
        1 2 2 2 2 2 2 2 2 2 2 2 2 2 2 2             1 2 3 4 5 6 7 8 9 10 9           
        1 2 3 3 3 3 3 3 3 3 3 3 3 3 3 3                 1 2 3 4 5 6 7               
        1 2 3 4 4 4 4 4 4 4 4 4 4 4 4 4                   1 2 3 4 5                 
        1 2 3 4 5 5 5 5 5 5 5 5 5 5 5 5                     1 2 3                   
        1 2 3 4 5 6 6 6 6 6 6 6 6 6 6 6                       1                     
        1 2 3 4 5 6 7 7 7 7 7 7 7 7 7 7                                             
        1 2 3 4 5 6 7 8 8 8 8 8 8 8 8 8                                             
        1 2 3 4 5 6 7 8 9 9 9 9 9 9 9 9                                             
        1 2 3 4 5 6 7 8 9 10 10 10 10 10 10 10                                             
        1 2 3 4 5 6 7 8 9 10 11 11 11 11 11 11                                             
        1 2 3 4 5 6 7 8 9 10 11 12 12 12 12 12                                             
                                                                                    
                                                                                    

Pass-2 Result:
                                                                                    
                                                              1                     
                                                            1 2 1                   
                                                          1 2 3 2 1                 
                                                        1 2 3 4 3 2 1               
                                                      1 2 3 4 5 4 3 2 1             
                                                    1 2 3 4 5 6 5 4 3 2 1           
                                                  1 2 3 4 5 6 7 6 5 4 3 2 1         
                                                1 2 3 4 5 6 7 8 7 6 5 4 3 2 1       
                                              1 2 3 4 5 6 7 8 9 8 7 6 5 4 3 2 1     
                                            1 2 3 4 5 5 6 7 8 9 8 7 6 5 5 4 3 2 1   
                                              1 2 3 4 4 5 6 7 8 7 6 5 4 4 3 2 1     
                                                1 2 3 3 4 5 6 7 6 5 4 3 3 2 1       
        1 1 1 1 1 1 1 1 1 1 1 1 1 1 1 1           1 2 2 3 4 5 6 5 4 3 2 2 1         
        1 2 2 2 2 2 2 2 2 2 2 2 2 2 2 1             1 1 2 3 4 5 4 3 2 1 1           
        1 2 3 3 3 3 3 3 3 3 3 3 3 3 2 1                 1 2 3 4 3 2 1               
        1 2 3 4 4 4 4 4 4 4 4 4 4 3 2 1                   1 2 3 2 1                 
        1 2 3 4 5 5 5 5 5 5 5 5 4 3 2 1                     1 2 1                   
        1 2 3 4 5 6 6 6 6 6 6 5 4 3 2 1                       1                     
        1 2 3 4 5 6 6 6 6 6 6 5 4 3 2 1                                             
        1 2 3 4 5 5 5 5 5 5 5 5 4 3 2 1                                             
        1 2 3 4 4 4 4 4 4 4 4 4 4 3 2 1                                             
        1 2 3 3 3 3 3 3 3 3 3 3 3 3 2 1                                             
        1 2 2 2 2 2 2 2 2 2 2 2 2 2 2 1                                             
        1 1 1 1 1 1 1 1 1 1 1 1 1 1 1 1                                             
                                                                                    
                                                                                    

Skeleton Array:
..........................................
..........................................
..........................................
..........................................
..........................................
..........................................
..........................................
..........................................
..........................................
...............................9..........
..........................9....9....9.....
..........................................
..........................................
....9..............9......................
.....9............9.......................
......9..........9........................
.......9........9.........................
........9......9..........................
.........999999...........................
.........999999...........................
........9......9..........................
.......9........9.........................
......9..........9........................
.....9............9.......................
....9..............9......................
..........................................
..........................................

